0001010000000000
0101010101010101
0000100000000000
1010101010011000
0001010000000000
1010101010010101
0000100000000000
1010101010011001
0100001000000000
0000000001110100
0001000000000000
1010101010011000
0010010000000000
0000000000000001
0000100000000000
1010101010011000
0001001000000000
1010101010011000
0000100000000000
1111111111111111
0001010000000000
0000000000000000
0000100000000000
1010101010101010
0001000000000000
1010101010101010
0000100000000000
1111111111111110
0001010000000000
0000000000000001
0000100000000000
1010101010101011
0001000000000000
1010101010101011
0000100000000000
1111111111111101
0001010000000000
0000000000000000
0000100000000000
1010101010101100
0001000000000000
1010101010101100
0000100000000000
1111111111111100
0001000000000000
1111111111111100
0000100000000000
1010101010101101
0001000000000000
1111111111111111
0000100000000000
1010101010101110
0001000000000000
1010101010101101
0010000000000000
1010101010101110
0100101000000000
0000000000111110
0001010000000000
0000000000000001
0100001000000000
0000000001000000
0001010000000000
0000000000000000
0000100000000000
1010101010101111
0001000000000000
1010101010101111
0010010000000000
0000000000000001
0101000000000000
0000000000000101
0001000000000000
1111111111111101
0000100000000000
1010101010110000
0001000000000000
1010101010110000
0000100000000000
1111111111111110
0001000000000000
1111111111111110
0000100000000000
1010101010110001
0001000000000000
1111111111111101
0000100000000000
1010101010110010
0001000000000000
1010101010110001
0001100000000000
1010101010110010
0000100000000000
1010101010110011
0001000000000000
1010101010110011
0000100000000000
1111111111111101
0100001000000000
0000000000101100
0001000000000000
1111111111111110
0000100000000000
1010101010110100
0001000000000000
1010101010110100
0000100000000000
1010101010011010
0001000000000000
1010101010011001
0001110000000000
0000000000000001
0000100000000000
1010101010011001
0100001000000000
1010101010011001
0101100000000000
1010101010110101
0001000000000000
1010101010110101
0000100000000000
1111111111111011
0001000000000000
1111111111111011
0000100000000000
1010101010110110
0001000000000000
1010101010110110
0000101000000000
1010101010011000
0001000000000000
1010101010011000
0001110000000000
0000000000000001
0000100000000000
1010101010011000
0001010000000000
0000000010010100
0000101000000000
1010101010011001
0001000000000000
1010101010011001
0010010000000000
0000000000000001
0000100000000000
1010101010011001
0100001000000000
0000000000001010
0001000000000000
1010101010011010
0000100000000000
1010101010110111
0001000000000000
1010101010110111
0000101000000000
1010101010011000
0001000000000000
1010101010011000
0001110000000000
0000000000000001
0000100000000000
1010101010011000
0001000000000000
1010101010011000
0010010000000000
0000000000000001
0000100000000000
1010101010011000
0110000000000000
1010101010110111
0111111000000000
